0 0 128 128
7000000 0x4000 128 128
7200000 0 128 128
10000000 0x4000 128 128
10200000 0 128 128
14000000 0x4000 128 128
14200000 0 128 128
32000000 0x8 128 128
32200000 0 128 128
38000000 0x4000 128 128
38200000 0 128 128
41000000 0x4000 128 128
41200000 0 128 128
45000000 0x4000 128 128
45200000 0 128 128
49000000 0x4000 128 128
49200000 0 128 128
53000000 0x4000 128 128
53200000 0 128 128
57000000 0x4000 128 128
57200000 0 128 128
61000000 0x4000 128 128
61200000 0 128 128
65000000 0x200 128 128
74000000 0x200 140 128
74250000 0x200 128 128
75000000 0 128 128
78000000 0x8 128 128
78200000 0 128 128
81000000 0x8 128 128
81200000 0x200 128 128
85000000 0x4200 128 128
85300000 0x200 128 128
90000000 0 128 128
95000000 0x4000 128 128
95200000 0 128 128
97000000 0x4000 128 128
97200000 0 128 128
99000000 0x4000 128 128
99200000 0 128 128
101000000 0x4000 128 128
101200000 0 128 128
103000000 0x4000 128 128
103200000 0 128 128
105000000 0x4000 128 128
105200000 0 128 128
107000000 0x4000 128 128
107200000 0 128 128
109000000 0x4000 128 128
109200000 0 128 128
111000000 0x4000 128 128
111200000 0 128 128
113000000 0x4000 128 128
113200000 0 128 128
115000000 0x4000 128 128
115200000 0 128 128
117000000 0x4000 128 128
117200000 0 128 128
119000000 0x4000 128 128
119200000 0 128 128
121000000 0x4000 128 128
121200000 0 128 128
123000000 0x4000 128 128
123200000 0 128 128
125000000 0x4000 128 128
125200000 0 128 128
127000000 0x4000 128 128
127200000 0 128 128
129000000 0x4000 128 128
129200000 0 128 128
131000000 0x4000 128 128
131200000 0 128 128
140000000 0 128 128
